9
11
6
8
13
10
11
11
14
11
11
7
14
7
7
13
10
11
8
7
11
11
10
6
10
11
11
7
8
7
7
13
7
10
11
7
12
7
6
6
11
9
8
6
7
6
8
7
8
12
12
11
6
6
8
7
6
6
14
6
7
7
6
7
7
14
6
8
6
9
13
12
13
12
12
6
9
6
7
7
6
8
6
13
7
13
13
7
7
8
6
8
14
15
8
12
13
7
8
7
6
8
7
7
15
13
7
11
11
15
6
7
12
10
13
6
15
9
13
8
8
8
10
6
9
14
10
8
9
7
7
6
6
8
6
13
14
7
7
7
6
8
10
7
7
8
10
10
13
8
6
15
13
7
10
10
17
6
7
13
12
6
6
11
7
6
13
13
12
6
6
6
7
13
8
13
7
7
14
10
6
6
8
8
6
6
6
10
7
8
8
6
9
6
6
8
6
6
7
8
6
9
13
6
7
11
7
9
8
6
6
7
13
13
6
11
9
12
8
9
7
6
6
12
8
12
6
7
11
13
7
6
8
6
8
8
12
12
13
8
7
7
9
6
6
12
9
13
8
6
6
